162
161
159
157
154
151
148
143
138
135
128
123
118
112
107
102
98
93
90
86
84
81
80
79
78
79
79
80
83
85
88
91
95
99
104
109
114
119
124
129
133
138
141
145
149
151
153
155
156
158
158
159
159
159
158
157
156
154
152
150
146
143
139
135
131
126
121
117
113
108
104
100
97
94
91
89
88
87
86
86
86
87
89
90
93
95
98
102
105
109
113
117
121
125
129
133
136
140
142
146
147
149
151
152
153
153
153
154
153
152
151
150
148
146
143
141
138
135
132
128
124
121
117
114
111
107
105
102
100
98
97
96
95
95
95
95
96
97
99
101
103
106
108
111
114
117
120
123
126
129
132
135
137
139
141
142
144
145
145
147
146
147
146
146
145
145
142
142
139
138
135
133
131
129
126
124
121
119
116
114
112
110
109
107
106
105
105
104
104
105
105
106
107
108
109
111
112
114
116
118
120
122
124
126
128
129
131
133
134
135
136
137
138
137
139
138
138
138
138
136
136
135
134
133
132
130
129
128
126
125
123
122
121
120
119
118
117
116
115
115
114
114
115
115
115
115
116
116
117
118
118
119
120
121
122
122
123
124
125
125
126
126
127
127
128
128
128
128
129
128
128
128
129
128
127
127
127
127
126
126
126
126
125
125
125
125
125
124
125
124
124
124
124
124
124
124
125
125
125
125
125
125
125
125
125
125
124
124
124
124
124
123
123
122
122
121
121
120
120
120
119
119
119
118
118
118
118
118
118
119
119
119
120
121
122
122
123
124
125
126
127
128
129
130
131
132
132
133
134
134
135
134
135
135
135
135
133
133
133
131
130
130
128
127
125
124
122
121
119
117
116
115
113
112
111
110
109
108
108
108
108
108
109
109
110
111
113
114
116
117
119
121
124
126
128
130
132
134
135
137
138
140
141
142
143
143
143
143
144
142
142
141
140
138
137
135
133
131
128
126
123
120
118
115
112
110
108
105
103
102
100
99
98
98
98
98
99
100
101
103
104
107
109
112
115
118
121
124
128
131
133
137
139
141
144
145
147
148
149
150
150
151
150
150
149
148
146
145
143
141
138
135
132
129
125
121
118
114
111
107
104
100
97
95
93
91
90
89
89
89
89
91
92
94
97
99
102
105
109
113
117
122
126
130
134
137
141
144
147
149
151
153
154
155
156
156
156
155
155
154
152
150
149
146
144
140
136
133
128
123
119
114
110
105
101
97
93
90
87
85
83
82
81
81
81
82
84
86
89
91
95
99
103
108
113
118
123
128
133
138
141
145
149
151
154
156
158
159
160
160
160
160
160
159
158
156
153
152
148
145
142
136
132
127
122
116
111
105
100
95
91
87
83
80
78
76
75
74
74
75
76
79
81
84
88
92
98
103
108
114
120
125
131
135
142
145
150
153
156
158
160
162
163
164
164
164
163
163
162
160
158
156
153
149
146
141
136
131
125
119
113
107
101
95
90
85
81
77
74
72