0.251015625
0.243046875
0.243046875
0.243046875
0.243046875
0.19125
0.19125
0.19125
0.19125
0.1434375
0.1434375
0.1434375
0.099609375
0.099609375
0.099609375
0.08765625
0.059765625
0.059765625
0.059765625
0.031875
0.031875
0.031875
0.031875
0.011953125
0.011953125
0.011953125
0.011953125
0
0
0
0
0
0
0
0.003984375
0.003984375
0.003984375
0.011953125
0.011953125
0.00796875
0.011953125
0.027890625
0.027890625
0.027890625
0.031875
0.043828125
0.043828125
0.043828125
0.0478125
0.05578125
0.05578125
0.05578125
0.067734375
0.067734375
0.067734375
0.067734375
0.075703125
0.075703125
0.075703125
0.083671875
0.083671875
0.083671875
0.083671875
0.083671875
0.083671875
0.083671875
0.083671875
0.083671875
0.083671875
0.083671875
0.083671875
0.083671875
0.083671875
0.083671875
0.083671875
0.091640625
0.091640625
0.091640625
0.091640625
0.099609375
0.099609375
0.099609375
0.11953125
0.11953125
0.11953125
0.1434375
0.147421875
0.147421875
0.159375
0.187265625
0.187265625
0.187265625
0.235078125
0.235078125
0.235078125
0.29484375
0.29484375
0.29484375
0.31078125
0.35859375
0.35859375
0.35859375
0.426328125
0.426328125
0.44625
0.498046875
0.498046875
0.561796875
0.569765625
0.569765625
0.6375
0.6375
0.6375
0.70125
0.70125
0.70125
0.75703125
0.75703125
0.75703125
0.80484375
0.80484375
0.80484375
0.8446875
0.8446875
0.8446875
0.86859375
0.86859375
0.872578125
0.888515625
0.888515625
0.8925
0.896484375
0.896484375
0.904453125
0.904453125
0.904453125
0.904453125
0.904453125
0.904453125
0.904453125
0.904453125
0.904453125
0.904453125
0.904453125
0.904453125
0.904453125
0.904453125
0.904453125
0.912421875
0.912421875
0.912421875
0.920390625
0.920390625
0.924375
0.93234375
0.93234375
0.9403125
0.944296875
0.944296875
0.95625
0.95625
0.95625
0.9721875
0.9721875
0.9721875
0.98015625
0.98015625
0.98015625
0.984140625
0.984140625
0.984140625
0.984140625
0.984140625
0.984140625
0.9721875
0.9721875
0.9721875
0.952265625
0.95625
0.94828125
0.928359375
0.928359375
0.896484375
0.888515625
0.888515625
0.848671875
0.8446875
0.848671875
0.800859375
0.800859375
0.800859375
0.7490625
0.7490625
0.7490625
0.70125
0.70125
0.70125
0.649453125
0.649453125
0.649453125
0.609609375
0.609609375
0.601640625
0.57375
0.57375
0.56578125
0.54984375
0.54984375
0.53390625
0.529921875
0.529921875
0.521953125
0.521953125
0.521953125
0.521953125
0.521953125
0.521953125
0.529921875
0.529921875
0.529921875
0.541875
0.541875
0.541875
0.553828125
0.553828125
0.553828125
0.56578125
0.56578125
0.56578125
0.57375
0.577734375
0.577734375
0.577734375
0.58171875
0.58171875
0.58171875
0.58171875
0.57375
0.57375
0.57375
0.561796875
0.561796875
0.561796875
0.541875
0.541875
0.541875
0.521953125
0.521953125
0.521953125
0.4940625
0.4940625
0.4940625
0.47015625
0.47015625
0.466171875
0.45421875
0.45421875
0.434296875
0.434296875
0.434296875
0.42234375
0.42234375
0.42234375
0.414375
0.414375
0.414375
0.414375
0.414375
0.414375
0.418359375
0.418359375
0.418359375
0.4303125
0.4303125
0.4303125
0.442265625
0.442265625
0.44625
0.45421875
0.45421875
0.458203125
0.4621875
0.466171875
0.47015625
0.47015625
0.474140625
0.47015625
0.47015625
0.474140625
0.466171875
0.466171875
0.466171875
0.44625
0.44625
0.44625
0.42234375
0.42234375
0.42234375
0.39046875
0.39046875
0.386484375
0.346640625
0.346640625
0.330703125
0.29484375
0.29484375
0.251015625
0.243046875
0.243046875
0.19921875
0.19125
0.19125
0.1434375
0.1434375
0.1434375
0.099609375
0.099609375
0.099609375
0.059765625
0.059765625
0.059765625
0.031875
0.031875
0.031875
0.027890625
0.00796875
0.00796875
0.011953125
0
0
0
0
0
0
0
0.003984375
0
0.003984375
0.011953125
0.011953125
0.011953125
0.027890625
0.027890625
0.027890625
0.043828125
0.043828125
0.043828125
0.0478125
0.05578125
0.05578125
0.05578125
0.067734375
0.067734375
0.067734375
0.075703125
0.075703125
0.075703125
0.083671875
0.083671875
0.083671875
0.083671875
0.083671875
0.083671875
0.083671875
0.083671875
0.083671875
0.083671875
0.083671875
0.083671875
0.083671875
0.083671875
0.091640625
0.091640625
0.091640625
0.099609375
0.099609375
0.099609375
0.11953125
0.11953125
0.11953125
0.147421875
0.147421875
0.147421875
0.187265625
0.187265625
0.19921875
0.235078125
0.235078125
0.286875
0.29484375
0.29484375
0.350625
0.35859375
0.35859375
0.426328125
0.426328125
0.426328125
0.498046875
0.498046875
0.498046875
0.569765625
0.569765625
0.569765625
0.6375
0.641484375
0.641484375
0.70125
0.70125
0.70125
0.75703125
0.75703125
0.77296875
0.80484375
0.80484375
0.83671875
0.840703125
0.848671875
0.86859375
0.864609375
0.86859375
0.888515625
0.888515625
0.888515625
0.896484375
0.896484375
0.896484375
0.904453125
0.904453125
0.904453125
0.904453125
0.904453125
0.904453125
0.904453125
0.904453125
0.904453125
0.904453125
0.904453125
0.904453125
0.904453125
0.904453125
0.912421875
0.912421875
0.912421875
0.920390625
0.920390625
0.920390625
0.93234375
0.93234375
0.93234375
0.944296875
0.944296875
0.9403125
0.95625
0.95625
0.95625
0.9721875
0.9721875
0.9721875
0.98015625
0.98015625
0.98015625
0.984140625
0.984140625
0.984140625
0.984140625
0.984140625
0.9721875
0.9721875
0.9721875
0.95625
0.952265625
0.952265625
0.928359375
0.928359375
0.928359375
0.888515625
0.8925
0.888515625
0.848671875
0.848671875
0.8446875
0.800859375
0.800859375
0.796875
0.7490625
0.7490625
0.737109375
0.70125
0.70125
0.657421875
0.649453125
0.649453125
0.605625
0.609609375
0.609609375
0.569765625
0.57375
0.57375
0.54984375
0.54984375
0.54984375
0.529921875
0.529921875
0.529921875
0.521953125
0.521953125
0.5259375
0.521953125
0.521953125
0.521953125
0.529921875
0.529921875
0.53390625
0.541875
0.541875
0.54984375
0.553828125
0.553828125
0.56578125
0.56578125
0.56578125
0.577734375
0.577734375
0.577734375
0.58171875
0.58171875
0.58171875
0.58171875
0.58171875
0.58171875
0.57375
0.57375
0.57375
0.561796875
0.561796875
0.5578125
0.541875
0.541875
0.5259375
0.521953125
0.521953125
0.498046875
0.4940625
0.4940625
0.474140625
0.47015625
0.47015625
0.45421875
0.45421875
0.45421875
0.434296875
0.434296875
0.434296875
0.42234375
0.42234375
0.42234375
0.414375
0.414375
0.414375
0.414375
0.414375
0.418359375
0.418359375
0.418359375
0.4303125
0.4303125
0.4303125
0.442265625
0.442265625
0.442265625
0.45421875
0.45421875
0.45421875
0.466171875
0.4621875
0.4621875
0.47015625
0.47015625
0.47015625
0.474140625
0.47015625
0.474140625
0.466171875
0.466171875
0.4621875
0.44625
0.44625
0.43828125
0.42234375
0.42234375
0.394453125
0.39046875
0.39046875
0.346640625
0.346640625
0.346640625
0.29484375
0.29484375
0.29484375
0.243046875
0.243046875
0.243046875
0.19125
0.19125
0.19125
0.1434375
0.1434375
0.1434375
0.099609375
0.099609375
0.08765625
0.059765625
0.059765625
0.059765625
0.031875
0.031875
0.031875
0.011953125
0.011953125
0.011953125
0
0
0
0
0
0
0
0.003984375
0.003984375
0
0.011953125
0.011953125
0.011953125
0.027890625
0.027890625
0.027890625
0.03984375
0.043828125
0.043828125
0.043828125
0.05578125
0.05578125
0.05578125
0.067734375
0.067734375
0.067734375
0.075703125
0.075703125
0.075703125
0.083671875
0.083671875
0.083671875
0.083671875
0.083671875
0.083671875
0.083671875
0.083671875
0.083671875
0.083671875
0.083671875
0.083671875
0.083671875
0.083671875
0.091640625
0.091640625
0.091640625
0.099609375
0.099609375
0.099609375
0.11953125
0.11953125
0.11953125
0.147421875
0.147421875
0.147421875
0.187265625
0.187265625
0.187265625
0.235078125
0.235078125
0.251015625
0.29484375
0.29484375
0.350625
0.35859375
0.35859375
0.426328125
0.426328125
0.426328125
0.50203125
0.498046875
0.498046875
0.569765625
0.569765625
0.569765625
0.6375
0.6375
0.641484375
0.70125
0.70125
0.70125
0.75703125
0.75703125
0.75703125
0.80484375
0.80484375
0.8128125
0.840703125
0.840703125
0.864609375
0.86859375
0.86859375
0.888515625
0.8925
0.888515625
0.896484375
0.896484375
0.896484375
0.904453125
0.904453125
0.904453125
0.904453125
0.904453125
0.904453125
0.904453125
0.904453125
0.904453125
0.904453125
0.904453125
0.904453125
0.904453125
0.904453125
0.9084375
0.912421875
0.912421875
0.920390625
0.920390625
0.920390625
0.93234375
0.93234375
0.93234375
0.9403125
0.944296875
0.944296875
0.95625
0.95625
0.95625
0.9721875
0.9721875
0.9721875
0.98015625
0.98015625
0.98015625
0.984140625
0.984140625
0.984140625
0.984140625
0.984140625
0.976171875
0.9721875
0.9721875
0.952265625
0.952265625
0.952265625
0.928359375
0.928359375
0.928359375
0.888515625
0.888515625
0.888515625
0.8446875
0.848671875
0.8446875
0.800859375
0.800859375
0.800859375
0.753046875
0.7490625
0.7490625
0.70125
0.70125
0.6853125
0.649453125
0.649453125
0.61359375
0.609609375
0.609609375
0.57375
0.57375
0.57375
0.54984375
0.54984375
0.54984375
0.529921875
0.529921875
0.529921875
0.521953125
0.521953125
0.5259375
0.521953125
0.521953125
0.521953125
0.529921875
0.529921875
0.53390625
0.541875
0.541875
0.545859375
0.553828125
0.553828125
0.56578125
0.56578125
0.56578125
0.577734375
0.577734375
0.577734375
0.58171875
0.58171875
0.58171875
0.58171875
0.58171875
0.58171875
0.569765625
0.57375
0.57375
0.561796875
0.561796875
0.561796875
0.541875
0.541875
0.537890625
0.521953125
0.521953125
0.50203125
0.4940625
0.4940625
0.47015625
0.474140625
0.47015625
0.45421875
0.45421875
0.45421875
0.434296875
0.434296875
0.434296875
0.42234375
0.42234375
0.42234375
0.414375
0.414375
0.414375
0.414375
0.414375
0.414375
0.418359375
0.418359375
0.42234375
0.4303125
0.4303125
0.43828125
0.442265625
0.442265625
0.45421875
0.45421875
0.45421875
0.4621875
0.466171875
0.466171875
0.47015625
0.47015625
0.47015625
0.47015625
0.47015625
0.47015625
0.466171875
0.4621875
0.466171875
0.44625
0.44625
0.43828125
0.42234375
0.42234375
0.414375
0.39046875
0.386484375
0.350625
0.346640625
0.346640625
0.29484375
0.29484375
0.29484375
0.243046875
0.243046875
0.243046875
0.19125
0.19125
0.19125
0.1434375
0.1434375
0.1434375
0.099609375
0.099609375
0.099609375
0.059765625
0.059765625
0.059765625
0.031875
0.035859375
0.031875
0.011953125
0.011953125
0.011953125
0.003984375
0
0
0
0
0
0
0.003984375
0.003984375
0
0.011953125
0.011953125
0.011953125
0.027890625
0.027890625
0.027890625
0.031875
0.043828125
0.043828125
0.043828125
0.05578125
0.05578125
0.05578125
0.067734375
0.067734375
0.067734375
0.075703125
0.075703125
0.075703125
0.083671875
0.083671875
0.083671875
0.083671875
0.083671875
0.083671875
0.083671875
0.083671875
0.083671875
0.083671875
0.083671875
0.083671875
0.083671875
0.083671875
0.091640625
0.091640625
0.091640625
0.099609375
0.099609375
0.099609375
0.11953125
0.11953125
0.11953125
0.147421875
0.147421875
0.147421875
0.187265625
0.187265625
0.187265625
0.235078125
0.235078125
0.235078125
0.29484375
0.29484375
0.314765625
0.35859375
0.35859375
0.418359375
0.426328125
0.426328125
0.498046875
0.498046875
0.498046875
0.569765625
0.569765625
0.569765625
0.6375
0.641484375
0.641484375
0.70125
0.70125
0.70125
0.75703125
0.75703125
0.75703125
0.80484375
0.80484375
0.82078125
0.840703125
0.840703125
0.86859375
0.86859375
0.86859375
0.888515625
0.888515625
0.8925
0.896484375
0.896484375
0.904453125
0.904453125
0.904453125
0.904453125
0.904453125
0.904453125
0.904453125
0.904453125
0.904453125
0.904453125
0.904453125
0.904453125
0.904453125
0.912421875
0.912421875
0.920390625
0.920390625
0.920390625
0.93234375
0.93234375
0.936328125
0.944296875
0.944296875
0.95625
0.95625
0.95625
0.9721875
0.9721875
0.98015625
0.98015625
0.98015625
0.984140625
0.984140625
0.984140625
0.984140625
0.984140625
0.9721875
0.9721875
0.968203125
0.952265625
0.952265625
0.928359375
0.928359375
0.928359375
0.888515625
0.888515625
0.8446875
0.848671875
0.8446875
0.800859375
0.800859375
0.75703125
0.7490625
0.7490625
0.70125
0.70125
0.6853125
0.649453125
0.649453125
0.609609375
0.609609375
0.609609375
0.57375
0.57375
0.54984375
0.54984375
0.54984375
0.529921875
0.529921875
0.521953125
0.521953125
0.521953125
0.521953125
0.521953125
0.529921875
0.529921875
0.529921875
0.541875
0.541875
0.545859375
0.553828125
0.553828125
0.56578125
0.56578125
0.56578125
0.577734375
0.577734375
0.58171875
0.58171875
0.58171875
0.58171875
0.58171875
0.57375
0.57375
0.57375
0.56578125
0.561796875
0.553828125
0.541875
0.541875
0.521953125
0.521953125
0.5259375
0.4940625
0.4940625
0.47015625
0.474140625
0.47015625
0.45421875
0.45421875
0.434296875
0.434296875
0.434296875
0.42234375
0.42234375
0.418359375
0.414375
0.414375
0.414375
0.414375
0.418359375
0.418359375
0.418359375
0.4303125
0.4303125
0.4303125
0.442265625
0.442265625
0.45421875
0.45421875
0.45421875
0.466171875
0.466171875
0.47015625
0.47015625
0.47015625
0.47015625
0.47015625
0.47015625
0.466171875
0.466171875
0.44625
0.44625
0.44625
0.42234375
0.42234375
0.386484375
0.39046875
0.39046875
0.346640625
0.346640625
0.3028125
0.29484375
0.298828125
0.243046875
0.243046875
0.227109375
0.19125
0.19125
0.1434375
0.1434375
0.1434375
0.099609375
0.099609375
0.059765625
0.059765625
0.059765625
0.031875
0.031875
0.031875
0.011953125
0.011953125
0.011953125
0
0
0
0
0
0.003984375
0
0.003984375
0.011953125
0.011953125
0.0159375
0.02390625
0.027890625
0.043828125
0.0478125
0.043828125
0.05578125
0.05578125
0.05578125
0.067734375
0.067734375
0.067734375
0.075703125
0.075703125
0.083671875
0.083671875
0.083671875
0.083671875
0.083671875
0.083671875
0.083671875
0.083671875
0.083671875
0.083671875
0.083671875
0.083671875
0.083671875
0.091640625
0.091640625
0.091640625
0.099609375
0.099609375
0.11953125
0.11953125
0.11953125
0.147421875
0.147421875
0.18328125
0.187265625
0.187265625
0.235078125
0.235078125
0.251015625
0.29484375
0.29484375
0.35859375
0.35859375
0.35859375
0.426328125
0.426328125
0.498046875
0.498046875
0.498046875
0.569765625
0.569765625
0.62953125
0.641484375
0.6375
0.70125
0.70125
0.7171875
0.75703125
0.75703125
0.80484375
0.80484375
0.80484375
0.83671875
0.8446875
0.86859375
0.86859375
0.86859375
0.888515625
0.888515625
0.896484375
0.896484375
0.896484375
0.904453125
0.904453125
0.904453125
0.904453125
0.904453125
0.904453125
0.904453125
0.904453125
0.904453125
0.904453125
0.904453125
0.904453125
0.904453125
0.912421875
0.912421875
0.920390625
0.920390625
0.920390625
0.93234375
0.93234375
0.9403125
0.944296875
0.9403125
0.95625
0.95625
0.960234375
0.9721875
0.9721875
0.98015625
0.98015625
0.98015625
0.984140625
0.984140625
0.984140625
0.984140625
0.984140625
0.9721875
0.9721875
0.95625
0.952265625
0.952265625
0.928359375
0.928359375
0.91640625
0.888515625
0.888515625
0.8446875
0.848671875
0.8446875
0.800859375
0.800859375
0.7490625
0.7490625
0.7490625
0.70125
0.70125
0.649453125
0.649453125
0.649453125
0.609609375
0.605625
0.577734375
0.57375
0.57375
0.54984375
0.54984375
0.541875
0.529921875
0.529921875
0.521953125
0.521953125
0.521953125
0.521953125
0.521953125
0.529921875
0.529921875
0.529921875
0.541875
0.541875
0.54984375
0.5578125
0.553828125
0.56578125
0.561796875
0.569765625
0.577734375
0.577734375
0.577734375
0.58171875
0.577734375
0.58171875
0.58171875
0.57375
0.57375
0.57375
0.561796875
0.561796875
0.545859375
0.541875
0.541875
0.521953125
0.521953125
0.51796875
0.4940625
0.4940625
0.47015625
0.47015625
0.47015625
0.45421875
0.45421875
0.434296875
0.434296875
0.434296875
0.42234375
0.42234375
0.414375
0.414375
0.414375
0.414375
0.414375
0.418359375
0.418359375
0.418359375
0.4303125
0.4303125
0.434296875
0.442265625
0.442265625
0.45421875
0.45421875
0.45421875
0.466171875
0.4621875
0.47015625
0.47015625
0.47015625
0.47015625
0.47015625
0.466171875
0.466171875
0.466171875
0.44625
0.44625
0.43828125
0.42234375
0.42234375
0.39046875
0.386484375
0.386484375
0.346640625
0.346640625
0.29484375
0.29484375
0.29484375
0.243046875
0.243046875
0.19125
0.19125
0.19125
0.1434375
0.1434375
0.107578125
0.099609375
0.099609375
0.059765625
0.059765625
0.059765625
0.031875
0.031875
0.031875
0.011953125
0.011953125
0.011953125
0
0
0
0
0
0.003984375
0.00796875
0.003984375
0.011953125
0.011953125
0.011953125
0.027890625
0.027890625
0.027890625
0.043828125
0.043828125
0.0478125
0.05578125
0.05578125
0.067734375
0.067734375
0.067734375
0.075703125
0.075703125
0.0796875
0.083671875
0.083671875
0.083671875
0.083671875
0.083671875
0.083671875
0.083671875
0.083671875
0.083671875
0.083671875
0.083671875
0.083671875
0.091640625
0.091640625
0.091640625
0.099609375
0.099609375
0.107578125
0.11953125
0.11953125
0.147421875
0.147421875
0.147421875
0.187265625
0.187265625
0.235078125
0.235078125
0.235078125
0.29484375
0.29484375
0.35859375
0.35859375
0.35859375
0.426328125
0.426328125
0.490078125
0.498046875
0.50203125
0.569765625
0.569765625
0.5896875
0.641484375
0.6375
0.70125
0.70125
0.70125
0.75703125
0.75703125
0.80484375
0.80484375
0.80484375
0.8446875
0.840703125
0.864609375
0.86859375
0.872578125
0.888515625
0.8925
0.8925
0.896484375
0.896484375
0.904453125
0.904453125
0.904453125
0.904453125
0.904453125
0.904453125
0.904453125
0.904453125
0.904453125
0.904453125
0.904453125
0.904453125
0.904453125
0.912421875
0.912421875
0.912421875
0.920390625
0.920390625
0.93234375
0.93234375
0.93234375
0.944296875
0.944296875
0.95625
0.95625
0.95625
0.9721875
0.9721875
0.98015625
0.98015625
0.98015625
0.984140625
0.984140625
0.984140625
0.984140625
0.984140625
0.9721875
0.9721875
0.968203125
0.95625
0.95625
0.928359375
0.928359375
0.928359375
0.888515625
0.888515625
0.848671875
0.8446875
0.848671875
0.796875
0.800859375
0.75703125
0.7490625
0.7490625
0.70125
0.70125
0.6853125
0.649453125
0.649453125
0.609609375
0.605625
0.609609375
0.569765625
0.57375
0.54984375
0.54984375
0.54984375
0.529921875
0.529921875
0.521953125
0.521953125
0.521953125
0.521953125
0.521953125
0.529921875
0.529921875
0.53390625
0.541875
0.541875
0.545859375
0.553828125
0.553828125
0.56578125
0.56578125
0.56578125
0.577734375
0.577734375
0.58171875
0.58171875
0.577734375
0.58171875
0.58171875
0.57375
0.57375
0.57375
0.561796875
0.561796875
0.5578125
0.541875
0.541875
0.521953125
0.521953125
0.521953125
0.4940625
0.4940625
0.47015625
0.47015625
0.474140625
0.45421875
0.45421875
0.434296875
0.434296875
0.434296875
0.42234375
0.42234375
0.42234375
0.414375
0.414375
0.414375
0.414375
0.414375
0.418359375
0.418359375
0.4303125
0.4303125
0.4303125
0.442265625
0.442265625
0.45421875
0.45421875
0.45421875
0.466171875
0.466171875
0.47015625
0.474140625
0.47015625
0.47015625
0.47015625
0.47015625
0.466171875
0.4621875
0.44625
0.44625
0.44625
0.42234375
0.42234375
0.39046875
0.39046875
0.39046875
0.346640625
0.346640625
0.3028125
0.29484375
0.29484375
0.243046875
0.243046875
0.227109375
0.19125
0.19125
0.1434375
0.1434375
0.1434375
0.099609375
0.099609375
0.059765625
0.059765625
0.059765625
0.031875
0.031875
0.027890625
0.011953125
0.00796875
0.00796875
0
0
0
0
0
0.003984375
0
0
0.011953125
0.011953125
0.011953125
0.027890625
0.027890625
0.02390625
0.043828125
0.043828125
0.043828125
0.05578125
0.05578125
0.05578125
0.067734375
0.067734375
0.075703125
0.075703125
0.075703125
0.083671875
0.083671875
0.083671875
0.083671875
0.083671875
0.083671875
0.083671875
0.083671875
0.083671875
0.083671875
0.083671875
0.083671875
0.083671875
0.091640625
0.091640625
0.099609375
0.099609375
0.099609375
0.11953125
0.11953125
0.1434375
0.147421875
0.147421875
0.187265625
0.187265625
0.19921875
0.235078125
0.235078125
0.29484375
0.29484375
0.29484375
0.35859375
0.35859375
0.426328125
0.426328125
0.426328125
0.50203125
0.498046875
0.569765625
0.569765625
0.569765625
0.641484375
0.641484375
0.69328125
0.70125
0.70125
0.75703125
0.75703125
0.77296875
0.80484375
0.80484375
0.840703125
0.840703125
0.8446875
0.86859375
0.86859375
0.888515625
0.88453125
0.888515625
0.896484375
0.896484375
0.90046875
0.904453125
0.904453125
0.904453125
0.904453125
0.904453125
0.904453125
0.904453125
0.904453125
0.904453125
0.904453125
0.904453125
0.904453125
0.912421875
0.912421875
0.912421875
0.920390625
0.920390625
0.928359375
0.93234375
0.93234375
0.944296875
0.9403125
0.94828125
0.95625
0.95625
0.9721875
0.9721875
0.9721875
0.98015625
0.98015625
0.984140625
0.984140625
0.984140625
0.984140625
0.984140625
0.9721875
0.9721875
0.9721875
0.95625
0.952265625
0.93234375
0.928359375
0.928359375
0.888515625
0.888515625
0.880546875
0.8446875
0.8446875
0.796875
0.796875
0.800859375
0.7490625
0.7490625
0.70125
0.70125
0.70125
0.649453125
0.649453125
0.61359375
0.609609375
0.609609375
0.57375
0.569765625
0.56578125
0.54984375
0.553828125
0.529921875
0.529921875
0.529921875
0.521953125
0.521953125
0.521953125
0.521953125
0.521953125
0.529921875
0.529921875
0.541875
0.541875
0.541875
0.54984375
0.553828125
0.561796875
0.56578125
0.56578125
0.577734375
0.577734375
0.577734375
0.58171875
0.58171875
0.58171875
0.58171875
0.58171875
0.57375
0.57375
0.561796875
0.561796875
0.561796875
0.541875
0.537890625
0.5259375
0.521953125
0.521953125
0.4940625
0.4940625
0.490078125
0.47015625
0.474140625
0.45421875
0.45421875
0.45421875
0.434296875
0.434296875
0.42234375
0.42234375
0.42234375
0.414375
0.414375
0.414375
0.414375
0.414375
0.418359375
0.418359375
0.42234375
0.4303125
0.4303125
0.442265625
0.442265625
0.442265625
0.45421875
0.45421875
0.466171875
0.4621875
0.466171875
0.47015625
0.474140625
0.474140625
0.47015625
0.47015625
0.466171875
0.4621875
0.44625
0.44625
0.44625
0.42234375
0.42234375
0.414375
0.39046875
0.39046875
0.346640625
0.346640625
0.346640625
0.29484375
0.29484375
0.243046875
0.243046875
0.243046875
0.19125
0.19125
0.15140625
0.1434375
0.1434375
0.099609375
0.099609375
0.08765625
0.059765625
0.059765625
0.031875
0.031875
0.031875
0.011953125
0.011953125
0.011953125
0
0
0
0
0
0.003984375
0.003984375
0
0.011953125
0.011953125
0.011953125
0.027890625
0.027890625
0.027890625
0.043828125
0.043828125
0.043828125
0.05578125
0.05578125
0.05578125
0.067734375
0.067734375
0.07171875
0.075703125
0.075703125
0.083671875
0.083671875
0.083671875
0.083671875
0.083671875
0.083671875
0.083671875
0.083671875
0.083671875
0.083671875
0.083671875
0.083671875
0.083671875
0.091640625
0.091640625
0.099609375
